8218893061
8218887216
8218864566
8218859176
8218840701
8218840347
8218748347
8218720599
8218700644
8218677631
8218667650
8218658361
8218632441
8218625881
8218603843
8218578760
8218570008
8218522041
8218511087
8218453810
8218295286
8218285224
8218211743
8218202052
8218173310
8218168513
8218137859
8218112817
8218095553
8218092574
8218040240
8218040008
8218015534
8218000665
8217991530
8217922956
8217919361
8217919336
8217895188
8217877452
8217877061
8217859979
8217843908
8217841403
8217832512
8217792796
8217790632
8217787712
8217756528
8217749559
8217743037
8217721060
8217717088
8217693343
8217690533
8217681159
8217659176
8217652939
8217647971
8217633843
8217627967
8217612021
8217606293
8217602240
8217581640
8217579482
8217557267
8217554909
