8220107803
8209462415
8209461443
8209457835
8209454775
8209427625
8209424582
8209421974
8209412397
8209410527
8209398529
8209391919
8209388676
8209365482
8209365076
8209357926
8209341918
8209335772
8209310198
8209309884
8209229480
8209207155
8209186555
8209166944
8209142250
8209119201
8209092591
8209053382
8209017439
8208982681
8208977948
8208930737
8208799154
8208794121
8208730165
8208722061
8208709408
8208663354
8208656147
8208616510
8208615303
8208597155
8208591831
8208543669
8208515724
8208490549
8208485177
8208483958
8208480056
8208414790
8208412971
8208407309
8208396000
8208394204
8208359669
8208355526
8208337221
8208335947
8208334263
8208328257
8208324872
8208308711
8208300515
8208269383
8208265637
8208264625
8208261825
8208259205
8208230760
8208226986
8208218654
8208202202
8208196614
8208195832
8208190243
8208182109
8208161123
8208158598
8208151727
8208151112
8208132522
8208132123
8208131022
8208102089
8208100817
8208099999
8208082010
8208073504
8208054668
8208048696
8207973099
8207951704
8207928564
8207906763
8207884722
8207854632
8207823592
8207784891
8207742640
8207728873
8207717670
8207699517
8207663027
8207650160
8207629824
8207587057
8207568805
8207556035
8207555880
8207545681
8207487821
8207480223
8207479154
8207439622
8207421504
8207408904
8207397073
8207371647
8207353070
8207352532
8207352327
8207340815
8207321210
8207316087
8207262790
8207245203
8207227338
8207218180
8207217350
8207214495
8207214026
8207210130
8207209254
8207193108
8207136667
8207132482
8207111865
8207085066
8207078578
8207070503
8207037441
8207035567
8207035495
8207034996
8207034298
8207031381
8207029102
8207028818
8207028156
8207025773
8207020331
8207015157
8206968255
8206955638
8206934001
8206901137
8206894484
8206867627
8206842888
8206802365
8206802059
8206800696
8206796854
8206744486
8206742770
8206726486
8206721926
8206691891
8206671098
8206636018
8206621776
8206596393
8206553300
8206523951
8206017693
8206016116
8205941615
8205937455
8205933851
8205911089
8205907481
8205858533
8205838121
8205825844
8205805007
8205773638
8205708256
8205691679
8205685679
8205678204
8205609481
8205606972
8205590613
8205553550
8205498202
8205497202
8205493413
8205465591
8205440969
8205436199
8205418745
8205398142
8205397821
8205377432
8205374248
8205361261
8205347890
8205340482
8205332940
8205310773
8205297604
8205286610
8205281697
8205272217
8205259588
8205252510
8205215824
8205211360
8205208244
8205206446
8205180578
8205162996
8205160340
8205135284
8205120397
8205118067
8205084787
8205057950
8205029514
8204984089
8204955712
8204930447
8204904487
8204880793
8204854582
8204821735
8204784368
8204740581
8204659875
8204608233
8204514743
8204507280
8204484830
8204424984
8204418297
8204417708
8204373352
8204373226
8204369571
8204349040
8204292040
8204286879
8204279161
8204264315
8204253285
8204239856
8204199891
8204193404
8204181096
8204164980
8204155344
8204141419
8204133531
8204118267
8204109924
8204090403
8204065557
8204056405
8204045980
8204041246
8204016779
8203994745
8203981433
8203956437
8203949033
8203944431
8203936468
8203905392
8203902953
8203883141
8203863620
8203862281
8203854118
8203824770
8203816041
8203815764
8203782724
8203778380
8203770569
8203750358
8203738674
8203716941
8203709654
8203705615
8203691635
8203682097
8203679377
8203655100
8203654251
8203582773
8203556046
8203536317
8203517485
8203494106
8203469959
8203440945
8203409639
8203373320
8203364576
8203334503
8203303425
8203291510
8203202304
8203199868
8203187059
8203138740
8203116768
8203108514
8203092657
8203059890
8203027969
8203013661
8203005696
8202996946
8202970129
8202957233
8202950026
8202939496
8202883507
8202875869
8202869633
8202863178
8202859720
8202857618
8202855352
8202807037
8202793012
8202789320
8202780808
8202762549
8202753430
8202698637
8202695069
8202690688
8202667040
8202663549
8202649447
8202634425
8202632121
8202623891
8202603264
8202584756
8202578610
8202562146
8202546945
8202543220
8202523763
8202505615
8202501182
8202492677
8202470527
8202466634
8202454407
8202437382
8202435022
8202425132
8202415373
8202408444
8202386672
8202381194
8202321914
8202289093
8202271483
8202253622
8202231813
8202208958
8202206679
8202182753
8202139497
8202128891
8202102800
8202087907
8202068329
8202067120
8202061040
8202047242
8202014019
8201985427
8201971265
8201945209
8201921394
8201905869
8201881836
8201853815
8201842704
8201800777
8201785411
8201780702
8201777215
8201756353
8201737770
8201699141
8201698291
8201694056
8201676697
8201670112
8201654465
8201610409
8201608639
8201607999
8201606002
8201576829
8201551163
8201534563
8201507686
8201486737
8201482946
8201476203
8201476106
8201420913
8201417486
8201413721
8201402592
8201366687
8201354550
8201345559
8201341071
8201321765
8201315711
8201287768
8201281066
8201276227
8201247075
8201246629
8201245976
8201214008
8201207389
8201187290
8201180432
8201177705
8201152432
8201149546
8201135523
8201123064
8201120642
8201097216
8201095843
8201027680
8201004990
8200982383
8200961946
8200944478
8200918895
8200893841
8200873844
8200856358
8200818084
8200804774
8200773899
8200773314
8200761399
8200757432
8200733215
8200701291
8200687695
8200649766
8200646634
8200637349
8200618626
8200554875
8200548492
8200518811
8200517540
8200463236
8200460842
8200453932
8200409871
8200381059
8200366179
8200366152
8200342557
8200329201
8200281776
8200253466
8200210910
8200200832
8200172082
8200168267
8200150747
8200110556
8200103419
8200103184
8200101538
8200097280
8200052822
8200049865
8200040819
8200022250
8200014944
8200012538
8199980360
8199976562
8199969614
8199959947
8199956454
8199951813
8199927525
8199920040
8199919313
8199905265
8199891597
8199888121
8199861063
8199859086
8199854342
8199832034
8199829918
8199805931
8199804950
8199776523
8199776019
8199661901
8199643434
8199619316
8199595406
8199570611
8199546317
8199536701
8199510874
8199509998
8199475113
8199459389
8199447356
8199433293
8199430092
8199368761
8199357809
8199288845
8199282126
8199281011
8199232257
8199219935
8199214888
8199195669
8199188454
8199166596
8199164661
8199117095
8199107712
8199099821
8199098084
8199096541
8199052158
8199036677
8199022178
8199010971
8199005599
8198998130
8198986296
8198966945
8198917496
8198916184
8198900352
8198893235
8198836909
8198834669
8198827679
8198824026
8198823953
8198812198
8198767638
8198766669
8198762883
8198757820
8198731995
8198724334
8198698340
8198697341
8198688141
8198678476
8198649154
8198644244
8198637977
8198629986
8198620731
8198611531
8198601208
8198592533
8198574567
8198564743
8198564224
8198542299
8198526313
8198523598
8198514429
8198493226
8198487154
8198464816
8198460508
8198441981
8198437426
8198361374
8198339344
8198311129
8198291368
8198259226
8198234502
8198204022
8198166434
8198127360
8198094250
8198083207
8198039682
8197954231
8197912154
8197845028
8197832912
8197793601
8197762835
8197738784
8197713414
8197688878
8197688531
8197677300
8197643882
8197636877
8197633230
8197586871
8197515601
8197507878
8197506070
8197503269
8197498382
8197498051
8197456312
8197428344
8197420085
8197385975
8197383221
8197361174
8197360516
8197359907
8197356201
8197354544
8197352680
8197352442
8197351685
8197324238
8197311299
8197246746
8197245823
8197156231
8197110530
8197102177
8197050814
8196979924
8196939038
8196894363
8196853111
8196822164
8196489973
8196485303
8196423676
8196399223
8196380751
8196339278
8196300554
8196288391
8196214300
8196211020
8196138910
8196103081
8196053374
8196047389
8196015197
8195971628
8195869715
8195843134
8195841464
8195759274
8195754477
8195661092
8195653692
8195560228
8195503119
8195500694
8195470403
8195439487
8195420711
8195413788
8195364627
8195361968
8195325051
8195314522
8195263100
8195222505
8195186120
8195152293
8195122624
8195094835
8195066483
8195037742
8195012016
8194974757
8194946732
8194908222
8194885179
8194865389
8194818847
8194816019
8194807985
8194729638
8194713885
8194650953
8194595520
8194587590
8194564419
8194547805
8194523984
8194505456
8194502922
8194489625
8194462322
8194425356
8194416306
8194373384
8194371844
8194321638
8194314262
8194307825
8194276835
8194269733
8194251376
8194201585
8194191676
8194174809
8194171863
8194162946
8194122344
8194111235
8194100572
8194098426
8194080085
8194072611
8194055679
8194026423
8194024528
8194022275
8194013854
8193994924
8193981575
8193971464
8193967831
8193946754
8193930588
8193928142
8193927993
8193913738
8193892203
8193890327
8193882375
8193849087
8193847758
8193821033
8193819243
8193795378
8193790006
8193771508
8193768576
8193692681
8193668359
8193637190
8193619812
8193595089
8193571980
8193562371
8193543934
8193515068
8193508870
8193471077
8193466497
8193463396
8193429193
8193426513
8193418888
8193365045
8193349382
8193339606
8193309258
8193280233
8193278043
8193274860
8193204293
8193183805
8193165788
8193157759
8193114317
8193093974
8193062518
8193060779
8193052862
8193049487
8193035714
8192988969
8192958881
8192947707
8192938208
8192915567
8192914053
8192856649
8192853077
8192845932
8192833205
8192830383
8192767559
8192739952
8192735235
8192714882
8192708667
8192702793
8192689227
8192678156
8192675447
8192662651
8192652214
8192638475
8192631002
8192630881
8192622091
8192617618
8192604411
8192601539
8192594087
8192590095
8192590065
8192564257
8192564107
8192556431
8192552765
8192533626
8192523180
8192505492
8192494288
8192481712
8192465971
8192457477
8192438459
8192432222
8192324765
8192302954
8192276843
8192259427
8192238422
8192208109
8192186242
8192176691
8192174540
8192172607
8192139575
8192128823
8192128371
8192113171
8192098799
8192052414
8192019270
8191963831
8191952054
8191951110
8191879192
8191863903
8191838350
8191786641
8191773663
8191707984
8191676351
8191660167
8191648799
8191641034
8191598855
8191563201
8191531686
8191531107
8191528932
8191485474
8191452643
8191441942
8191437614
8191434974
8191396446
8191389892
8191373289
8191368339
8191353565
8191350491
8191350244
8191335144
8191330942
8191323717
8191322803
8191318351
8191296542
8191285275
8191283687
8191277321
8191270664
8191259156
8191257905
8191241169
8191237343
8191230531
8191226336
8191199231
8191198202
8191197037
8191170305
8191166370
8191162700
8191139286
8191133968
8191105600
8191104484
8191015399
8190986068
8190962247
8190938643
8190918289
8190882026
8190848647
8190845902
8190814557
8190799970
8190784614
8190776256
8190748177
8190707522
8190693887
8190637722
8190630231
8190616368
8190602927
8190534123
8190531017
8190526554
8190519069
8190460119
8190432750
8190432492
8190425548
8190370913
8190366899
8190365531
8190312427
8190299758
8190294076
8190267954
8190265877
8190217518
8190216129
8190197354
8190194573
8190189896
8190156718
8190136356
8190099582
8190099272
8190076694
8190057703
8190053377
8190043383
8190011384
8190010042
8190007981
8190004782
8189995008
8189977223
8189960476
8189960191
8189960169
8189952576
8189942831
8189929811
8189927970
8189927053
8189921137
8189897923
8189888892
8189883400
8189883295
8189862126
8189858540
8189829820
8189823736
8189821453
8189802150
8189792399
8189775042
8189755745
8189750949
8189669562
8189650094
8189627083
8189603496
8189580357
8189554620
8189554504
8189527821
8189495593
8189491576
8189461337
8189457031
8189432866
8189421941
8189397635
8189307283
8189248295
8189233392
8189178912
8189171363
8189149640
8189084357
8189075630
8189007332
8189005792
8188984118
8188947560
8188915174
8188913379
8188900871
8188870885
8188844641
8188841461
8188815247
8188797968
8188789726
8188745568
8188743407
8188741824
8188734692
8188697798
8188684066
8188670756
8188659735
8188655840
8188635026
8188624656
8188623430
8188603537
8188594558
8188590279
8188583276
8188565808
8188558000
8188541341
8188536898
8188522824
8188507113
8188506326
8188492989
8188475465
8188472154
8188464958
8188445116
8188433480
8188418365
8188404298
8188401495
8188392992
8188372540
8188313550
8188283344
8188263316
8188239022
8188217161
8188191411
8188160903
8188125672
8188122665
8188084118
8188051616
8188033278
8188015090
8187951794
8187923027
8187868317
8187836594
8187804922
8187794907
8187762284
8187742905
8187706632
8187698816
8187683798
8187683492
8187668360
8187665245
8187619250
8187609590
8187592588
8187582071
8187581185
8187575659
8187572655
8187535364
8187533801
8187522475
8187493582
8187485461
8187481726
8187448604
8187444482
8187373699
8187373116
8187370909
8187370770
8187370723
8187339350
8187313774
8187282177
8187270975
8187268778
8187263527
8187262023
8187260532
8187259120
8187205228
8187167601
8187095003
8187072735
8187040217
8187033302
8186979292
8186964517
8186941030
8186920134
8186907617
8186855105
8186845040
8186804149
8186803129
8186774305
8186758302
8186736926
8186700380
8186692639
8186524440
8186454260
8186403572
8186343151
8186332629
8186257942
8186212116
8186174264
8186157406
8186101644
8186097760
8186063629
8186020710
8185983891
8185912619
8185897031
8185803654
8185803240
8185759301
8185744704
8185637024
8185631761
8185626996
8185600616
8185524355
8185511554
8185418393
8185415418
8185407471
8185402343
8185397922
8185374108
8185341166
8185340630
8185322383
8185317228
8185314721
8185281181
8185278759
8185262073
8185238431
8185232589
8185226987
8185213219
8185189522
8185177261
8185161579
8185150004
8185148568
8185142163
8185141483
8185090679
8185090513
8185076332
8185070229
8185068858
8185042380
8185018840
8185005219
8185005133
8184994140
8184991204
8184956394
8184951134
8184905902
8184864760
8184833479
8184812705
8184786386
8184755769
8184734925
8184716669
8184672551
8184670170
8184626100
8184590344
8184569776
8184477520
8184403058
8184390264
8184294471
8184289162
8184273990
8184206856
8184151828
8184130094
8184093905
8184093817
8184065525
8184028036
8184016895
8183956491
8183954867
8183945792
8183911809
8183867879
8183845285
8183839954
8183837907
8183820730
8183816767
8183776769
8183768310
8183746750
8183737094
8183723927
8183722972
8183705382
8183693792
8183691442
8183683390
8183663841
8183649935
8183642521
8183623679
8183612629
8183610770
8183602974
8183579337
8183568543
8183565640
8183565369
8183549147
8183519596
8183518471
8183505164
8183491598
8183486338
8183462301
8183459669
8183439256
8183435040
8183434444
8183394846
8183339799
8183315150
8183293669
8183267430
8183245141
8183217489
8183184481
8183152505
8183112139
8183069370
8183053898
8183037897
8182987737
8182957076
8182907583
8182905812
8182848909
8182838357
8182827545
8182791788
8182729201
8182719647
8182713861
8182704341
8182654920
8182634468
8182616385
8182616035
8182559387
8182543107
8182533747
8182526425
8182525720
8182460621
8182447088
8182440662
8182423670
8182416523
8182414353
8182390320
8182370121
8182367282
8182367054
8182338672
8182328732
8182319653
8182307622
8182291555
8182290372
8182281496
8182280105
8182262868
8182235233
8182227741
8182225715
8182216810
8182207065
8182190353
8182184662
8182178472
8182139848
8182134103
8182131281
8182128524
8182103543
8182090248
8182088255
8182085102
8182069471
8182050101
8182032985
8182032708
8182019745
8182005753
8181987156
8181976076
8181975347
8181960793
8181932231
8181860472
8181830986
8181805472
8181780512
8181752203
8181731230
8181729791
8181699152
8181686266
8181663192
8181621626
8181609318
8181606141
8181556598
8181552955
8181545391
8181539594
8181522405
8181514705
8181495153
8181484793
8181445296
8181441578
8181420740
8181406947
8181400323
8181347176
8181307882
8181284015
8181275866
8181273873
8181253681
8181185346
8181171260
8181166277
8181154673
8181146960
8181131816
8181115589
8181089958
8181037874
8181016788
8181007010
8180959776
