8220075038
8220073419
8219995193
8219973277
8219953461
8219930712
8219912301
8219888255
8219885864
8219854242
8219845288
8219824283
8219790901
8219760265
8219755658
8219689990
8219569523
8219500374
8219464376
8219405898
8219405889
8219399150
8219386439
8219297485
8219292897
8219276338
8219232279
8219199378
8219198581
8219177205
8219143531
8219127524
8219124319
8219123839
8219098838
8219082527
8219078242
8219054866
8219036740
8219025622
8219022354
8218993854
8218985727
8218967409
8218957808
8218950560
8218929028
8218922944
8218922722
8218897429
