8220101035
8214882914
8214846874
8214824260
8214815404
8214810906
8214797765
8214765688
8214728052
8214724636
8214717265
8214711532
8214704203
8214686665
8214664312
8214660785
8214635384
8214634008
8214591902
8214589925
8214583049
8214552957
8214537959
8214525359
8214522941
8214493373
8214461239
8214363751
8214344992
8214317381
8214293757
8214255632
8214255559
8214212556
8214207675
8214172500
8214153259
8214151207
8214128212
8214087824
8214083554
8214039194
8214023491
8214013380
8213994316
8213981097
8213935786
8213825115
8213792937
8213756049
8213745069
8213694399
8213691499
8213673199
8213659433
8213654766
8213652185
8213599922
8213576753
8213551504
8213530021
8213528406
8213520018
8213487472
8213481904
8213465836
8213445467
8213437704
8213414509
8213403042
8213402539
8213391098
8213368673
8213358826
8213337247
8213328407
8213323545
8213321871
8213295831
8213291008
8213279829
8213276307
8213257165
8213251628
8213243245
8213220595
8213219488
8213202852
8213199365
8213191291
8213170733
8213165872
8213145840
8213141980
8213140165
8213117661
8213110690
8213054200
8213036143
8213015397
8212987984
8212958431
8212936321
8212912636
8212886166
8212854243
8212819795
8212777086
8212701685
8212611306
8212560597
8212525165
8212500003
8212493795
8212425784
8212420159
8212409354
8212402773
8212360496
8212359580
8212334329
8212314938
8212310223
8212307618
8212271835
8212253899
8212248362
8212200628
8212197855
8212179415
8212158189
8212151791
8212114889
8212111878
8212108652
8212107096
8212090317
8212074656
8212049769
8212044680
8212032998
8212020411
8212014097
8211992469
8211991484
8211984855
8211977736
8211958933
8211953689
8211943918
8211932463
8211928996
8211920760
8211894121
8211893828
8211891601
8211866022
8211863556
8211840523
8211839095
8211766656
8211743407
8211721544
8211697359
8211668474
8211646337
8211617937
8211586199
8211552594
8211513891
8211392579
8211333803
8211308265
8211306572
8211247655
8211239032
8211219588
8211173896
8211150696
8211138713
8211132906
8211092102
8211079744
8211050985
8211043335
8211031440
8211002216
8210969261
8210962162
8210928862
8210925763
8210900858
8210894171
8210893188
8210887773
8210875495
8210848450
8210841884
8210840286
8210826373
8210814262
8210799100
8210774498
8210774204
8210765191
8210735241
8210732590
8210731912
8210727434
8210703686
8210703195
8210690288
8210668824
8210666453
8210660035
8210647047
8210641611
8210640726
8210614826
8210611273
8210609149
8210586759
8210585310
8210566481
8210559940
8210495601
8210474156
8210453994
8210431909
8210411476
8210392062
8210367360
8210337531
8210302195
8210270105
8210233728
8210152806
8210097012
8210081041
8210075139
8210022099
8209990626
8209980929
8209967158
8209944538
8209912301
8209904956
8209894764
8209873177
8209872821
8209859326
8209838761
8209813804
8209807230
8209781886
8209781533
8209728559
8209714744
8209707363
8209695367
8209656945
8209642245
8209637479
8209628255
8209627268
8209613472
8209613438
8209590208
8209581141
8209579960
8209573340
8209565435
8209564905
8209534321
8209526495
8209522969
8209507662
8209503483
8209495471
8209492871
8209474550
