8217482610
8217461309
8217443818
8217421817
8217394809
8217371804
8217367736
8217344104
8217322442
8217303953
8217266849
8217256110
8217215639
8217208211
8217129138
8217066251
8217059095
8217021655
8216989088
8216984800
8216938244
8216915942
8216905041
8216901435
8216830918
8216806612
8216794994
8216788693
8216786790
8216775844
8216764857
8216689891
8216678064
8216668869
8216640434
8216637106
8216619976
8216617761
8216610902
8216610658
8216583361
8216568892
8216547976
8216544519
8216524224
8216522927
8216517595
8216516490
8216516128
8216513025
8216511771
8216510158
8216510151
8216507989
8216507946
8216477253
8216470249
8216435670
8216425920
8216367602
8216362560
8216355305
8216338010
8216310090
8216274527
8216267649
8216263304
8216255167
8216207591
8216161647
8216150156
8216118082
8216100507
8216074140
8216044567
8216007453
8215819476
8215751470
8215692203
8215560379
8215558076
8215554627
8215516474
8215476026
8215473054
8215396159
8215387751
8215366177
8215365459
8215268013
8215254306
8215196222
8215131540
8215130369
8215072930
8215034740
8215031222
8214981397
8214940787
8214902167
