8220075038
8220073419
8219995193
8219973277
8219953461
8219930712
8219912301
8219888255
8219885864
8219854242
8219845288
8219824283
8219790901
8219760265
8219755658
8219689990
8219569523
8219500374
8219464376
8219405898
8219405889
8219399150
8219386439
8219297485
8219292897
8219276338
8219232279
8219199378
8219198581
8219177205
8219143531
8219127524
8219124319
8219123839
8219098838
8219082527
8219078242
8219054866
8219036740
8219025622
8219022354
8218993854
8218985727
8218967409
8218957808
8218950560
8218929028
8218922944
8218922722
8218897429
8218893061
8218887216
8218864566
8218859176
8218840701
8218840347
8218748347
8218720599
8218700644
8218677631
8218667650
8218658361
8218632441
8218625881
8218603843
8218578760
8218570008
8218522041
8218511087
8218453810
8218295286
8218285224
8218211743
8218202052
8218173310
8218168513
8218137859
8218112817
8218095553
8218092574
8218040240
8218040008
8218015534
8218000665
8217991530
8217922956
8217919361
8217919336
8217895188
8217877452
8217877061
8217859979
8217843908
8217841403
8217832512
8217792796
8217790632
8217787712
8217756528
8217749559
8217743037
8217721060
8217717088
8217693343
8217690533
8217681159
8217659176
8217652939
8217647971
8217633843
8217627967
8217612021
8217606293
8217602240
8217581640
8217579482
8217557267
8217554909
8217482610
8217461309
8217443818
8217421817
8217394809
8217371804
8217367736
8217344104
8217322442
8217303953
8217266849
8217256110
8217215639
8217208211
8217129138
8217066251
8217059095
8217021655
8216989088
8216984800
8216938244
8216915942
8216905041
8216901435
8216830918
8216806612
8216794994
8216788693
8216786790
8216775844
8216764857
8216689891
8216678064
8216668869
8216640434
8216637106
8216619976
8216617761
8216610902
8216610658
8216583361
8216568892
8216547976
8216544519
8216524224
8216522927
8216517595
8216516490
8216516128
8216513025
8216511771
8216510158
8216510151
8216507989
8216507946
8216477253
8216470249
8216435670
8216425920
8216367602
8216362560
8216355305
8216338010
8216310090
8216274527
8216267649
8216263304
8216255167
8216207591
8216161647
8216150156
8216118082
8216100507
8216074140
8216044567
8216007453
8215819476
8215751470
8215692203
8215560379
8215558076
8215554627
